290500007700000400004738012902003064800050070500067200309004005000080700087005109
080020000040500320020309046600090004000640501134050700360004002407230600000700450
608730000200000460000064820080005701900618004031000080860200039050000100100456200
902040560000009000061250470040030102600480090003070080500008000306500947100360005
020001630090500400806049002900005701000900300352076800009004506080050000045600018
034060901700012680080009000023050790007020005500078030010590000000000413078130020
020604030450100206600005100004003000095201380200500907510000603807352000000000058
032054900090001004080700031005600027800070000270140005000210300018907652603000000
009000700080034065500027001400380096300400017908006000610009308023501070000060040
710480060090050070004030908000040090080300020630208045000500000027001059560970201
040085701950700800080006400370002000002008170600007082809023500400800010001050208
050800300001040860308010002085230600003080007020090083560170498807400000000050700
034580026080700301001002000026400030019370205000100090000000000500014760047063019
670009020030005090900760504806090241020000009090682000007030410580000600300206070
608043790002007016900600000500004180040030050800069040704005361020006005100078000
007090004200000060830746210903604150002530007100000040001050693006903000040100005
246908001700004200000010406030042080510009043800006000003475860460800032070000000
920006301400008065005901000200010030000004750548200600004090020090000540103642800
090068100028500004060200073800624700300000021902300400000000900450036000609150340
018036040609080003000900860307600408050020007090400500062050084000070006084209001
510000360000006000090253870902300040850600703000540080020160900100030050069070028
067050030910800006000032790891400052600305080000010040006100204000003860780504000
500072060970308051001000040450000810002405600007900005010020070204059030090600502
300700081100300907209108000560000809700490060000860010040000078820610090010084020
040901030060030007037004510004150720650708900000000100018090602020010350070502000
004050029500491380930000000008060003000007002309204508051079064043000010000102005
000750902005200006920008700890105000002400100004800579450900600000507091170600040
051080900000710300038002016043001600180200030000034092800309250010020040590000700
620900000000065420507020109800102050209048600040000080400290508052700300300006090
060000007237604100000701603000073010140200700008100032092460580006030270700500000
000073000025090037760020100004960070907005300600080094076004010400200750001036008
850000009090013050070502810060030000027408603300009107500940360900006405040020000
300060000000137082206000750080070024720004960050906000002700100160803095500010030
439000000000007952000819300002090500950460070700500409598000620000638005300900100
068045200000030106300020070040000000906012087100904302800007620023401790005200000
003009006270638090060000037540300079039050040000090100302800000004120785007060300
400003091080260400605700300150040030040130579900005000800402015010050000009070806
201067000000310690076000502807006000050704020004003086740200800060001203030078040
817090200040678059000000070006000004090080706502046080000200000035810642420060800
040053706000000090876042003000000008087610904020380010700000000010206837630071500
106903005000000630400850090004008009089470010060100407531024900000300140040090050
000500000265030081007060350403000690002600008001845700910070006700450010008020904
900540000001620098035000026090406001000009003126005740007054000340000805050037060
007420006904800752800500000398050070005900600000087090000040980259108000001006503
016003280002010300080006007600000002830670059020405030098107506300900020400008090
080609024900740080470000900050080003030400891806090000600075008720104650090000300
000105200200000503135024090710006000450803102000010750504002031800090400003040800
304750009900406070200000405400605003500012704810000500180093000093004058000007030
040000096709061020020059100007600000080027601690100075000846000072003804408000003
009025107004000006206094800800200000540700012001340780400900300030008500068002401
906010005100804900030090071280405706507100080000060000008052619010040000309001007
800200000003801200002006748100023074027008006006010800275040600000180530300005400
706390080035700010000040630004007000000003028590460370003209706067805042100000000
400703000007009038910020760300000800602015300009038510200381000006000140100007203
084160329003200060900030000130008007000056013460001800008700031000084050240003700
800054290003008004950003070010000000090082015540610030429831500000070040600000901
095014800100075040030000010006002008901807326002006000070253060609700034500000002
509001084006009100800074090308042007900150006005000008054000061600010209700236000
030007904072030600900106030004801000860003490007020150010062500049000021500400800
400820600037040800080500901090000060246093510000410090020074006000180430304000200
070301000034027901005000207087500000906030105000190004000680700760000540091074060
050009002090084036030200007910075600500900008800600150209000005001502004005407260
602050004010200507900310600520060401000020060160490002080500040000902006291000075
248000190600105003000980004560000407030804500700010030800469300100020049406000008
105804002080020000030001408860093000300005981090400200053109020006500107200070500
007300901200705030903200005009024510000100006130900400062010008090000000300876259
208190700605300020000500008910075200000630004304000609080060092040003000062081407
008000097090307001340089020280003900901040000000205048800401003030000604015032800
281300907005700002000029050009032070500000021420600008090500086000076009652090700
014002070060910020300008061209040050000527189075000000096050000500000417000783500
203050140050700069400201000530009680090806000040500003025100300300007008900025470
000206809280041000043000107307002005000580006150070030006004571790050000400307090
760090240005000060090687300089000000003809521007026003370065092508002000000030004
800315049309002010002000008006004080008060490540097100030600875000008900904703000
000100020008500070601290804003900007002013060580060340046005000000600452025401003
090708062000000007278306090029000000004065973030087100000830001002000740085074030
340005600610084009000003028290000070830057000000019843509000001007002530003570090
420001000001073045005200061008002500050090134309100000590600080000030052034025700
060000100000600005879125306308009200002300600400072009900200003001030090023094510
000000050003100804769504030000097001091050040076800520400000000058403017600075403
010460020060020790205000600040030107007946000023000904600050870004008200802103050
080001405213406007000800030100908000000000053627003840302070518870320000000004070
430000000007005280050142030604200800000607905508090100905360020083500091000700008
470900860800507090100000005007098206008400009041060300003004900009002700704310608
260050040703040060000001035010030600604000120009176004370000080005763010100800570
210900830807050020000048100105000980009085200080609003970000000020800000500792468
350710900090800001002090607039426000120008005000000293000000040983640710200300800
043709010000200600805030004000450387358007020010300000500003900037800000060510873
040085090003000506650903040300092681520000900000370000010040803906800070007230009
790805600500004100004070029003207980200400006059000200380002400065040802000980060
805723164006800500010000000000370610602004080750008300000209800203100400070080201
079082503400010080800600040206003790090004100004706050003000021002369005700200300
006847200800900070203000490780060000000000069015490307020030700938701640000080900
029000045070050000008421709002500000580003604400098502840106920010030087000040000
010075008005810006070000041802040013100308000050900087940102700500030890003009060
706005001200000507100072090402010000000086104015090076640050082900000700020368400
009100030028009510010008600650070940004090800900035700200007190046903270007500000
804057103700600080600009040060490702120000090000803600980300514000500800201908000
000300071062710000107005006235140800070600000000008293620030080050901002800050704
731000002900000601000914008005000900000570280213069040008702109142006800000008020
570000001000650407604013500007090100010002006400130920700300804043001000006075209
089540310730100204000002000076008430002061900100700002090405003004609020500000640
307080010490605070000007053016240080030050107000010600100900025600300804903504000
000040009986100007070096020000010230105280006208030090009060053500921780810000000
079004080100080004600120503061408000003000678200030100025803406007005300300010050
370650892004002060006100000000426705140000080005800200009080400003200058480069001
293050000000096028800040305908000001014680200000009034082400000000062480036070510
008040000000007010954060273007000300289405001000701502000000020025809430406072100
024001080000700320605830900002000890000208160810094000283006000400109032000300408
003008072100500006205036001008900004000720080756040920030080409000610030842009000
400700650000640002276800001002000005035024080800069307008900760040286000100000098
002008000036274810001000402490150007007009108010020090000000030283901040009030201
000021400805730000610000730009000380406080000020357906700910004900075100051000670
000090600709000032850326009004070000316085020000600053090430207007000000420059061
602090003008002000003054609006500102900040007720608005300000000009107530507906208
260007080030800010004006039400080001009165804058000002002001003507908106600070900
000950070061007380300080002070062018052008004100004060905806703006400005020700001
350000000400395810009700500600120000018007230070400068090270380801903006003000900
980000004000004100031092760000850040649000005005460370250603001068000007000108506
500673002009000050630000410006000005305480200900035104004507931092301000100000006
900203640300010000047050032006000000704820061008360970580907006073002850000006000
510783000060004003030000710100060049006095000904030056000600002700300960651079008
250000908070158000030070605300017480410020500007004300000800092142006000700030046
003005006407062903002300700600007300209040605005029040500030800310096570000008200
000050216641200300300108000800000000000981005109002837400020700570609003090400580
060020078010005000840701306920000000000063040604200795080152907076030000005000830
900704160004000802080610000405029006009360410008000500000006000390007600750190243
150004673000003000068900100030509480010070060045060090000090504070830010693040020
002407005670010043009600100003049580008020000067008300000203400096500200304900057
020401003076300185010007000002004509100070200007805400001700020209600007060209014
320780104000001090071003020030000900940156000700004816280000600000802001600049203
409800000000093870307002410070005900850006000090048053900050030710304002030009064
054800200800009037300700800420300100080160004500400026040503002030080010095004680
605980040002035108000000500370000059201590630000306000068100004020763005900000016
806500902400629003003000005030008001005000800098706230500804300080002006204005708
907500206000060030008209007002490670400070080670001004320708140010002705005006000
093080002078010905000907003300000004000059278907208000125700309004800001000035020
020060810010820000800400026100007000003600958098530007940070680000006092560290000
361800052008000400000960080502079630009030040003600200080002094200700805095304000
000504006205000004340809720000200001027001800008750240890070410002030000500140390
380420900906500800000600710500300100801050460090106200409035620600700008000009300
007130200900050400100009036501470002040000308090026004000000690370062045460910000
042580013000920004038000006000005237803740000500300008085690000300050041006030095
200607000040001520805200091070930005083000004100408960000000080700320040630709150
510000760000950012260410000054200830002080001090063020100000043008040000306170208
070090106091008003200014009800000500302109008050406010034200080109830060000900201
000370080310820540068000900000480000127000490000207056005008060604030005800705230
001087002570200063000005700600002950042000006010698200000020098807450600290030400
050408900004007508006500100040001096172890053000300000900600315007003000460150080
000205046524030700001007300846750000000104008007000594400573019003001060009000007
070400000946020705000500902010032500097004063400050080000000829820095000069048001
070004105006053004480009006002000417007005000001762900154096273000500800008300000
008064120200310060104000008800002970390070000400900056580706001700009005003800092
900004000008002050065730018004005003300200500702308096046007200009000860007653040
002013075103005006800004300040300600300000520201568900710006000004057090008100062
000647093036000020090002006002050307005080600840106050000530048407008000308004905
000100000578020040009054807000960000091000056820705901082436070900010002060000308
300000804002039000096508720004802057100900480078100000040005001567201009000300070
000002070063004010054810003007400609910203000002060530070308094400790006380000050
008590271007082006020000000100079502090600007730050004019230060070060400800700025
092001500080530004050400017036907000020050006010003905371206009000000068900705100
054002300063010740000340000009100270320000000040293086400006030098530420007080100
090000203300049500071350004003506420800204000420000850056400710009800042008600000
005040120006500000810029005000015460501000000704290510608007004300900600050402903
093000180002960000050703620000410096810097002240000010100070900070009001064020503
000014078500700300798003200800100624027080005040030000009300050001002083670809010
400008600600001043590240080701080020009007005000032079070009016026104508008060000
003040008800006097920017000100002045285000009000758002007580001010009736390600000
002001084596040000000090760703004200024050807000170090600005009207009630040038002
408520030020000009100790460000200000902053070307800045000005601009014300561002004
000600000604200007037084156008001904003760080509008000001006049072003010800092005
000007008032089041407020090900070003801040000005900486006800012008250309203090000
042750600700003004100060027000930006876001009000006170000300760914002050007180040
000040009796053080300100720008004090100360870030090004060031050980020060005900048
050092300002000460016403002029065804000809000560000700073040000100020003090038527
004000301005207600063084020007050200600401709590600000309800000240005803000046072
000810003103570060040000570001008040304060020060043910006030200700005084019480600
589001070000004080700608103800000029900580031430900000600405017305079000004000890
670500038900030106010068000005790001086010070001050640007000800800170260039080004
800009076709800004006107030100000000063020905020384001607402010000010607501006040
010096270479302060000000008060070012208109700007600000321964080000050300080000601
006000705750040060030056080380002690040305000060008053870009210029007400000024009
030000090600207350904180700008301040100000073503900100009640080075009630800030009
002008165804200900060907000920070800000005000350190640040009030035741090080000704
000700405700020000936504021600400800800007354403100000074019000300600970009300140
009600010500048600004070502002000300040150820035890006098000050470500061000324070
040000000005023847003704060004200708050090002092307500000070480470036000086900103
005002000408309520090050068100400975002976004070000000040000000300610240809704106
000541000801000300060030197046092500500400071007300060350167008090003005010000630
054007600900610050003080204005201007420030065001500003010090046500070002306400080
105704803030000000040025910701030402009208001008040500004582300500003100003000095
000254000500000914840010200050000800001080020078425360600700002080160500210090086
000000900082901600095830072034190000010700830000060450060203098150087006003000010
001502009060008712098003000000300005809704020570001403000007600086015900107000208
004093100108040027005100400540208019000000506090064000803400051410300890000807000
309700500008090010100205036004006071906100000030004098695407003070060105000800700
760405138002800000100003500200000097046970010001200800410007902007100350800590000
030026078601070030070003000002004050800300007306092810500239001943010005000000063
200301089005600100061800300750100900000009253090028000810006000006003791007910006
602780495070905000009000300200508640095100003008004009906300000000019750001006930
900084000042300090006090748090037086000001309573060000029700800700059002100600900
900000600601025309007036080050004000804250706070060450203540090009078203000000100
010056000900020065650010720064098032008040000500030010200500000001400607805901240
009402008013006009200900030042305780050060200100004060020840106086700003030050800
030020780104003000008406503007040050360100008400230100040015906000700000759300801
210003070000501020908002030090040516102000007700158000000620041040005902629004000
050000090912074308000509004004031900063800020090200780009008070201007036008060009
090002518000050000301608900100020059002590300049003070085000100000705006064109205
080907206092030070007010005104079000058060400000000593700008000019050320020106750
300490608690080000080300500038057190070003000060020807140000900000060001850719460
090038260020070009805000300710300500009210608003005090631902070000003920002700050
271300500000200070005076018093400000020807056050030900902740600000508104048000002
900730610203009000700200800000005081507001009098042005310000046604513020000020007
200000140030164029019000000078001090006500001020690078004900003052387000700000862
050180200006300080780050030100002006903865042060000070025901003000028010690000420
034010800180649025000000001300000004900504703005083600009026008256800047000007200
500210400400500316180300000040960080298700041000008700050090003302800107900002050
007602804201000003000019005043520769000064100809000000900007306070206001406300050
000301924240000000801450030004000003309705260005013000008090000410007800030608415
009067513730050000400000700500108060040002050103040207200013970007006000098004130
004050093001006000050408720800000007109023054030809010006900070047302069090007500
406003097710098004000000020360901000200004010001500436158600040040800003000407509
907803501002000080080014090006000013170306000005140007061030050030400670004602008
200190003000020048689030020092000050031842090000900300006403001070200460450010030
600098007830700409090030500100000750062087100070069800000025000308906205206000070
100078090903000570050309040016000000570040023000052107030605004090003750085010200
409086300500400900700500008008130700004800030037040089041007590605018040000004010
085029070030007280007003001400000700806072400000041508360005807094800300000730006
006050073304009800090086040005090002100405300400010057023960780600208500008000020
701650290900800570800007000203009740010020006060301000020900160094270080070005009
008004000600083090079600438002900000007050860040106902501000206400809001006520009
090080100480657320000000800000820010634000082800403070009370658028069004070000000
070004013000030000319025047040086005053700600006000024490003070000900406061402090
620700030000050061503860040005080010970000080001596402030000807200038100006970004
800005009097060350500003800006357291901020000020000070003070980009500600250096003
048972500300000048002800600003009160000064000596000804204098705007600400900400080
500800000070006052130540980000600300800020009397054200483000026600038090000061003
000510823053000000809307005900800074700090010038061050500600107104058000080100009
400100900009800735600790000010007006204068007006010850007000083892673540000004000
000081402240090730097002000905200300002307900700006100329500007070820000000100253
100700086580490720006800000960500100240060000000270960050007300870042009009050208
306200009000700503205093600809000040050408097030029006504937008090000010020010005
090000530060130000007048960030400018012000470004712000503070029206904003000020040
600050700021706080000008016753082001000170020900000570097004102060820050200010090
002080005307126004080000060003512086201009007060000900000248300800000701439700008
060020150003800200015069030730000010650008390000031600080040023047203000300900041
800009006092006510600350900086591000040000050009800201905030100003070008070902045
108072006006910004500000080050041200009000803802730010000004007071025048204080090
005009601009000580067810000001024930046003200900060005508000724004080050300457000
002534070000090008904000630058040016060308090400010007376001002020700400000902083
090523086005080400060000500001640007607010008009300021000130060103002004086007203
029600108700180600100900500057800009600210005900007046570400021000020403010095000
690070000800040506007002903205090017070200050009750080000018094041003060980400030
000025074540060020200900500050700100021006083004309200090000010800201490102590800
300408270005720034074000000419075000000080400008003710103000027050217003080090001
002030085073004000400065023000310200009050600308040590910570360006020000007100850
000017500643008001050009803004000130700430200029100070000200605400050000295804017
003900000009006250160820094352009106040070000000002805090060530200000008034718060
610000930800320705050640000020030691001060000036108040080000500900582300005010408
700000239040730000050109800810000070009201680004073100007005068000017053596040000
003700012760185930010000000600050301030041090400006020209503086050098270008000000
605008070009200005040095302987020030100007009000019580490600053000083600006002090
300800000040063529910007008602970004090051036500000002450600070200034000060002905
890000710250706000000310905400070600000152087017000200930041070000009102180007009
700200804040901050120080070850100600903000020000730408010400005000817042487000060
742003910060708500000010006900006007205849000080000029608052740001000082007601000
010509703057006080300001500700000102020910800046820090871390600000000010200048900
200800690010900050600520400090102503030050080580006004700030809045700002900608700
040900200210605804000070010001000002030250089024108600002000760109520300600047001
000600842184037600009040000005010080400000205023475090500020761006104900010700000
070003200300500017108602000001094005030008901054010020013005790000030002790061030
461805020000002500020030800000400030109560402306900050204150007010006905007009001
006800000200400605100307028900574806504000000001009750009005080302908107400010500
600070208500040000120608705400700009082495070700000050060000500900850007804207910
000070040803609050409000807506080003300006700700590402054000310230964008000030900
040063907700000000601700250000009025563201000009050301000000706050836002126400500
007090235409008006000607000570900300002016007060050082108009620003200810090801000
700504900000000250950028700430072080007300000008400372809200630002050890010830000
008209070705000060009607803070085020500020708280004050601402007900000100002300604
300706512010009000807050300003690400090012060601000058000000005000025830985140200
107000060800305170003001200701004096060070500005906800930602005200000034006037080
410780000506109480000000900690501030700000610002960005900400000070003092250890340
002004003100002640403806050000005300320098006019003520650300200000009704900280100
607000108040780020008010900064501003000003690790600010800120060500360700076000201
008900036300620810590080000801050002920046351000002000702093068009007000600000095
075104009200080517010900000000401900400090200036070180547809600300000490000240050
000001020200805106157300004501260008090700005006004730032507009010080007005100600
400062008096407000002000746070510060000600305605003100700005809900780003201090007
016009083200300005000082090007920008000005060185700904900070010630008079070290500
002067040406109007009000301700008005053040012080503070008005193300901006090600000
001098007008060100360005240023001400400002630010007002080500900190706500600020704
001500800030010004870302590307050008400008370000701050702104005090085107100000200
008007300030100046050903002700040003004390200062700904010070450070804030809500600
000170000704003180001002760080020041950040300040308006000400030015930820309007400
040068070001900008090020640900300850010000090052894010006059300407000065030480100
700900000800070064096840207003005090050060010010098405900600540004109020560030009
073090051000000640049851000500900408004008760706105000007000080360280100001409030
500006200060910085920080100010009000006308519230005040070604052002050070650090000
060401030003002106508006004007004260430007809050380000020000980070690000305008640
806940002700108640010000008105000096203060050000570003020014509308000001500086070
060083407075000000300201806920657001000010502081000060410700005700405108003060000
070500900010000050083679102340008015000730000008400709751803200000204300002000580
600078049009000000520004018004106000302009104090002360900023480076085000800000520
030070000004005087057820640040050061970038250020006000010009408380200500005300002
700800020002006908039002070290080014005400000400950280908034002001290407300000090
408207000700000182010360040103704090050600400007090320904836000000050004605000830
621009380000801460009050000700000540005090030042036007910208050000014028230000100
050020307001307000007900201000000030170632480560800010300400070840093026006008900
071530800006007300300000059007010002450600910010209008200904037035001690009700000
300500900080203005105600402003001006610049700000006109800900320509000000001468097
005007208600500300370120006060200003504603100800000760207940000400005620006800074
000204080107009030098300027079003006000807402800090700360000079000730260780061000
007800050060003478500109000210050307000092014048010000403000600056900080000761503
000005020714300500020640870800090000005000060037486215209060140000003000001904602
040000200007102508503064100082005600030690401900001070000900052370006904050407000
300620501060000000002107063017960000600705394005000100200001000000542609149000035
605020000010708409400900052057100004004030028020094070100070940009206800730000010
100370006798002004000009108003005080500000000980401562340800690600020800800604003
005300090040020300301098704007100500560004910100060007000000170670200400410753008
010904806650030074040080000706800002020300600800620045070013008184000700000200409
000400300300016500967500040209060058403800000000205470506000009000129605890003010
000502097204000600730901080300005070008093042900004800803010765001200400009350000
003070010690040305000096040300001058502039070080004200000080000709060804046910520
900800030002943085300000010020600098610380007050100600007030000006210004501090362
950000200000624905026050300000000860680200001140863050360010080000000020502708094
069400500000052700205070089100000007080063091630107050008030600070080004051004870
100069075609000000005301096050084700000290004824000509400900001003150480506000003
081030400090100050500906130009800040130072005050300720002000070904510003005020810
000000801380040000067801290000008302035016048640007000026000900003180450004603007
030120095004000160890064000600057043470206000300000506083705020140000007000310004
001392040400050980906000300000700600600920050095060207572086003000010704010200005
000510090580602030210000608000041020045000001102085009020806905053007060600004200
061002370004057080200004000800900000972405003000003859108009400000720031720001500
501027300402608007000000094900040580008106009004050600040035806800000005610980700
070106059264900000000004200010708900007090608308200100020470080006010790730600500
000276001003040000652000097005604700040090605970050040569030072030805900000020003
807960005106070003000100700000407050310506000405000816200030590500009680098620000
030420080520600407090050002010907000903000100800106590000060700349870650600010008
030701580060080700802600900700000003008102075021503800080200410000000000207495308
780600040350407260000300080800072090609005023000030070900508410200700900018004700
840030650600805100700040800050010790137058204000700000060020081010000002270590030
629004370000100009001003020540000010300041780002085030060000002005032460270560100
009700430003090000012480709006007304700010050908630010381040600000300002040068003
060070005200000001805921037004062050000310084053000700400007006016080070700590408
500062700098003401002010500001036275320007060000080000037008904080000300004371080
040607000950041060300000478600490020000100084431200050009300005023006809100900007
720908000000140207035000049050700108379005020000260003500007630290500004400021000
105000000300020965002503004000900070071050490809407003280130050500000681010870000
300900180005008009680240070900070000050130708020600304074590000500016027800000905
020009560030700800807042000960507000040030970070004620405063708010000009200970400
200010080350704009070030402031200046000043701400005000004370290000000800593602004
080020703000001006405706010003058601050204070104000800002500000710800504500103062
000700060046200701580063020800010047900000800065378009700020603200090000600504102
040206003902004705030070400420009001510080900000050608200100080064003150003068200
000468107040000500173020060006310049200600300030080020700800000960530218300040900
900360051350000002008510700205030087003970010009005006000091060190004008042003009
300680900025010080060400003050000709200190000039805016043260090000001008680009401
000003200526010903040502008012047030000000000607025491074200000980004002000701309
100000209078902036006100000000010902200004003794203008050006001607380005002050690
070806020026090005001002600230041900000520180057000300095068014802000560000305000
040600200050092600200007890070406180124700503000010000006903000780201340002000910
064072000010003480005800021000030092109085000003200805907540263000000010501028000
309520401200000000060490502000080000038010000450073268800150007070002910904007800
720906080080007630600400090400600028035009000000240903067008204000504007048020009
500027008480000070001840029945730006000050940060009300200504060308010000070008210
210034700000092508009000300300907080960010005008003470801006900090070063020089040
006907010097000854200540000602095030400000005005400207703800040060304001100200980
300206504006080100500040600027013090000052300053000402090130046200508700730000050
060020070473106000000700916910463500500080002800000094620309705000200800004050300
300901000257000490000240630600835020900000308032100500010000002790026100000018906
806040100000063040402700608070104920090000007620057080500408010203000000080530704
208050009100490307900700060007065210802000000010200670030007082000902006624080001
600708005020000800308004760060050080030802074890300600540006008001580420200040030
150307860300605401006000000090030724000406000745008003004003080020100006900280150
073000001006020587500167000025906108040003702009070000008650009007030010050008026
005047001430500700900100406283071645040050000000400010608014302010002000002600080
500800026004500300010270050390045061060001402070080000089007005000020610240109008
000603020039050800082900306023067009070400082060001500000106003056040700201070008
040300005095020100700095803200000071007042500089500600003400720070061300620700008
507601000004800201001003690030000020006302850200084900050016300600045700102000069
170040560809070001000960300006050400041032090300004107900006750000080002452700800
795320604080460000000000120040082700003000050908507460000600200609005047007890500
160030700203700006000140920700068001406900032010500000038002000000093205970050304
050600243640039050003400000009206084300004000014000506007005100190008002800720405
008004061005020070940670002094000000007230106300048005050017204013000000400305607
053609000009700340400030500500198600061300804008000100075010408680503910000900000
070402600500000200801506030610203000000000013350809760060900100090000070032657809
045370090000510380019000000600400019020705000504090078002804050090050020108900037
000200450200086030649010700406020900008130064500070000300061095002000000860902017
000082010268000390500903000806009000000810450074005809001030902040701580790008000
050000020026300500900580603003060710800030000074201306030008260000003001185406030
005087009679000300000960100003108004060009708081006020006750090802001005100800230
507080010082700500000590280670000030030057960009608004000300890806004000910065002
020007080000020106460093020930001600042008005000602908854000790003745800000009200
010008400083206007200050083540000100097140038000907005804700000160000704000504026
065002000020790048700008032000010094639200710200570000900600320072900000006007409
940200830300090007060035009000970000007050208608010704000000003403081970079043010
400003079300701480071000000205007308010600007030420090703140006004500800006009720
008403007405090001300500042000000409501860020087042500000030190710004030003601070
600050080004206015250800009008040057040670021500003000705360002300014970006000030
900008051001900060860540000008130570004720000370000019600210040400600190702005003
000600000097403006068002397005740600040000008082001045000900083809035060053004100
200070500700000090680451027063812970108000002000900030020003650004620000006700048
500001467700600003034207000306180050070400900001070680002716045160090008000000006
028073400900500030007009180006001020170800956003065000000407003480350209005000800
007405600690030704001002000170029400000804001204000980000000837483576002009200000
000054100009000752508207000236085410000000006004076900065001000070500280090703061
070200600640970032020050070089500000057008063000307509030400706000009004490065008
008140003200807490140000500009500010015432000007000845700006039001700604002904000
010009000200100053806305019008040000021050760400907508080506300590400000030000895
500840600060000504203015700800020000015080039900034061600009342009000050150062000
800000000203654109100000750007100038340080000900370204630098010000001025051030006
005103600006700500403006012000467809607000020050300700008930004700204006201000390
600020009900450610203060007360002940009030081080010000004300000000000560896145720
305900802040001000008052401080000627570080000020794030407009380800600200050030090
087069250002000006100203004500080032600040800020095007960000400000428309043010500
640100907000060300590340200000000030960530100001076028019080700050200010200705490
090000008305801090080509601020006000000058103518007900000000206140790000037605410
001020060008103259026700000400901000019570482000000006190600570080010600600059100
700803060002056097950000080230700040600048503010005700807000030024300001000602408
002003010903006078006940200061030504095068000000005006050320041009000820120089000
000002051200450900458001200063000500009020176500168000700203005910000020030510090
902400080180970020000020903470102630300040002010005040001080206039200004020004001
230176080008000010010008075020600009860709030090002760001004096409360820000090000
100200080000080075853401009010000020000107046079630500000869701005010000961000034
620107350000002900103008700006910200500004690002050004015040007480070530000305009
504791003029080160000000004000170040040008001671002309010600050950200408030040006
000000000608724013027010056702400590094008071000007000300800060205103700800600302
060901080100070390704500000056020001001005800008709056020604130010090700509100200
000030800892006300100480052084700020000824601001000090410300080750108230000900060
640500030502000140000478500107054003300080070080020600006700380050031026810006000
100000360735100804000539000603090020052810040000600038040057000301080459006000200
394067000050003047000100036010204070002008005500600018900000700005782100078001052
304650200000000007960200043036010495700004800400580000080007000205046078007005012
410000008000135024006080007970048360205090400000600050047950806009800073100006000
004005001620008009800400032310009200000007305760052090080070503000006007472503010
904010602180400000000089041749051000000008090005006274090060007050090036030502009
308000200005243610006001003032400007000010300080320406000000902190800060250639001
302098000004205901100000082800000500070059003230610809503000046008007100007560008
400500809850200000006480002500603008049007060060900704010065080003004007075008041
060502000100400605508090073000000104324067059080004000200740900095086702007000500
200090060004067300060010405807020014040170003900006008090003070008200030306051809
056080002470050000000604159305017020000900810190040003009003506620090080007460000
306048100000000009091075068060012000500400012102050890037029000010700003050001970
706002403095007020000109060009060000260500008400270056084000630000400010620913500
006103802902060003003900050204001080000600305038009200009007534000500000725038100
500900800060840100108002950009086003000070090870090206300000020420350670700120080
001050000003604071950001002700800456560409000300100200096007103400006020100920060
275000380000852040008700900000640010056017003001000024607020100530060070000370205
005003020802100900040802057750008003100007845030506000001700089020300010409001070
000003041170900000400610520340000060001036008900802310604070950850420006000300800
400600085295008000000503900008200300009004710042130006980351200000006501104000008
090000000802704005040201780400016590001400060065900070609002010100070028008109400
005020006036910074090003002302001700600004083008076000003509007060000548507140000
017905020040600800090004057400176905100000048065030000600200070000001004250069380
045800097702600000000470210901030070000040160057108000620004001010086002008001430
004097800756080490000000006043100700500006302007034100800001004600049013019020600
810730000700100680000006104970200500001000040600857301030090000059600807008073250
200701000018200569040060070100086300070400850400300010030600000900037020620005134
050106794401000000700905010000607153009054080537000000006000470370080002000769005
000004530350009002018250000500000890960418300100007600206300000430026705000700203
160004030409050600000001094902040100300000007040782350093206480080090000500030026
000000360697130840003680000045000023001300004002470080100008000734206958000500001
008634500036000100050020034002009305004002000570083096085200400020300007003806050
513800096000064305020050000031490607000608000600000540145907208000041700070000050
109700005052000940000952010504000000706010580000305704900020800200000070670498051
062804309007056200800000070000700005700490023540003090403061000001007530005002704
300005000109004670050260903900700050040090010805400760008000090502607001070380026
010980570096700020008006004000408050050600900207090410100060703045073100300800200
354070208000034500700002040071090600009105800080200401800400720007500036130006000
039004007000270603065030800300000270800507006047620080900000068108790020000140009
000060001003701098418900006340650900070038610020000000700306045009004070034500800
070006005431900068000102700000050090904700003086310007040007380008003006063041500
060310580042700010800040000290060400080470920003009060008130059350007200004020070
030900015701050060600084030400700001510208043020010008000000200052603090109020056
082000000000097806609201047005600081090015700010020500904076100830004092000900400
063050000900003705008170309075004002000002050390060014007000190054901000800607540
800010600600720300410500082570903106900050008004007500700305401090004800005001009
090080001703240086800060400000032508038000002506810003080050010071008600300024070
600003580504290001009050007090507002750001038000030700080000000960074120007015096
500040980300950206809600000002004360900360000003005190090510837008700002701080000
060038000203040069700009103470120900000300400029400750030000070000062095896570000
020005300900100802014082900000000600736420090005068140069250730007610200050000000
000350208043000000180076304300080706061435900000000500010023470029040100030010800
502040370300080500007350006003009010206571039050000060701005020600703900005004003
900301007627400090000700680706009038001000056500614000800900710309108000004050800
407910005010040206002060900000270090093580000051000768080007009070020300029630050
001000009089075060005890070450908600010700090006050107100060700500007006708031940
080003050006500013370860020200318067090070005160000200000080501008005002019730600
200940100108026003030000502001070030060830240004200700009162300003400020640000081
048900070900740200006500340007003950010605000020007130002000400093052068080064500
509024006000809010280000907008040000005003109702908054950032060040000501001405000
040530086000190700759000020000300090065974200910000840020050100001260070607010500
100020700900703608308006002201367405030000061004080000402600000800000276003290100
009801340400009000030070069970300800025710600000900270017485906000000005540600007
003905048000010305257008000004001800080060150016087003800050030095806001001020009
300006709009000080057081600106095008708030560000800010073018250002000003400309001
021090040300080060080460032002903480010020500406500010260040378700032600008000000
090000406047896001300020005400602000208010650060400100059240800810009502000005700
001500000607031895090070004206000018070024000003780240809007003000000900560903480
005976412040005000209000030003000040706100000020539601010890060960700005800004097
000350020930400000705100084604231008800000043300500009001020400480700002003094801
500028000000000501643050270100074050070000023205930800006400005002090006910065780
970005030000004700150003609003047290509200800020050400001000506002590000085302017
060300000180000030400817296700050408020003009058104002000002903391600004500031000
700240001020000057160305020007690040040500109809020000080003005054810200300002460
007908006050300002018020370000032007020000160765081000106200005000090041509103700
200496700408000020005080006106050034004600509500840000640075090009204007050000401
760014003001200006200007840053100004000053060910080200100320490000040000384070052
020000006045709000010063075704028001060304090008000024006400500050610049071005003
295007400000000067000194200059001040800056031003002800530760104004500300600200090
070052100690007004000090072356201409007900051000400000000509310001030600583100900
000060091965083004010900050104097500000601020530000900200006745050030000071509002
860200091020810607500400000400708000100004006002001834087009042309002010000340008
067000400000005308390047002104980057900000003006530001080002000073059820040070506
600000100500740320027105006200670908003209050908000200000007590800000004792014060
008056400603010000700040623080604095016200030500030008020100800105060900800020340
040500090900006402062940100000830920239600700500000004000460500610009000804300617
009100005800609230603050090400930070030040958050200000200010080300060009074802306
000010400087002305016430020800650003060008250030009600509000130300520908020103000
702089613680070000000006400000693040096000085001800006109025030500004901030010500
051800230200590800040001000394210057000050401007060000702900100080030025060082900
007010200500230000102070839026000500000507090970060308053090006000053001780400950
304070810002600000007410620043050008008900502005308090071520003800700006030800050
100070000290100300800063195020000003014800906600052010360001759000090000409706800
760304009005920000003000728070600210001000000280513407038045901000039000009000503
030700090020405810890000004008600001061930240200050008010300405009501030350040100
080200003050800260410030080061580327023706000000000050230060109806003500000950008
078503062030060080400800090000105000860000570010406309000900054540210600320600900
010503060760010025002040900106005090000030050300490102601004200070361008005000601
003079000248001967000040010130586004900000086007004300006017039370400000080020005
375028010000103075010000200900306000063800001001500736024900160790400002000260000
050000870020890000081207060530700090008020304200350100000402601800001900162030040
170080056200516000800000032310070060005600070007240015020700003500100040704850600
008200360002005040150048090000000630007001004039586200900050000006190823084060050
060709105001005930950600000170050009400002708006910000600000000080020600320176584
902050370000802000400090021503960400100000003080024056830049705090000000007180930
300014908640079000020000307070038100402100870010007400060003001700090604980060002
520061090900000401600409003406080300050104008700200504000847902090000000047900180
000900000006580010309700846014350600000001530560008100100800457845003000000205300
289503610000090005000004030460027000010008403020030160700010000801006390600850740
008009502460250000002100460004000020500028006201960807003700000005030201006410390
890021600040030580000006030309604820700008000020070046007003900400890703930060008
503000009400715020100090450002508000050020016860900530085002007040000085600809200
000741060002006800560000037900403078028000300300280090200500400000028750785600001
004207010082050700001300028700920050290700080040006090009005370000400060356072800
103400009000137050780000430670000018008671305004000000030900087860302000400006520
300840210010650007500000040072005690000406001054010300000930062240500170901004000
020003008083150006050400023030078040406000080070540301005007610007200005012060900
004107053309405000000000901000040000780030405102809370030000502405682100200003700
800092607006004008075008009010480063000000004480960001040006075600307400701040030
001007600043160090002004100096001405007043010010200070020630704600000200039705060
600700500014800097070690001390000106000080200807061030001000068006030000430956012
100006500063005070000930280030040600006019700207080059090000800080760105502108004
710080520800420907005001000600008050050976008200000703560310082000507600041000005
000070894149386000200000030800024070004038010630000050070045002406090085010003040
010298050003000402807005001760000030140800006000617820400502768270000000080064000
610305092000040000024600083402061530001000000080072901209008604076024000000090020
100200800000097001605400709426009013000305006003001200057900004001074950900006008
009701086507000009002005300740010293098540000000009005906058002000907010810000907
000017860050000009806540030670094080000080006120050403300070900500601304407009002
062140980050800000030005104040980006001650048607000500900006810408510700010000009
070005001400603900050700680700046210603520070040000090060309040510200030200004065
607200008005089400800040710000100000003050069016308570000061090528074030900000047
007601480604050037008040000001000290030120008870060001009518063063000800005300900
000049000048070650907300804080002900705980301400005200001600470096417508000000000
007100000090400600063502401050001080670025104030080050006250940300000510502809000
700190500506000701800035200100003600080540307403070020317904800000260035000000070
807120093000000020500360040250071004006400805030008200700800030103200687600043000
520004073300500900600930800100306207096000004000209080765090408000020060002607005
000024000090500603172003045059000260001390070007106000928675004005000090000080702
080500930720000000003476005309045702070000003800039060094350608000000059058607000
080200951900083200026040000208051000000030172071000500040027009030005407709800300
780030905000050070001702300000470200004021803236000010023005700060018524800200000
180096400000700530970002006031004608000620001700050040092060174800309060004007000
008050000000008709120390086670032090340010802000070060010040008230081007007060103
008970030009400108004300020005007800407500206100280050051830090890040560000050300
802401305005030001004800600900004000048300009070910524400000000030085946209100700
000036075093000600062170040000020000017500832230801000020600050600009708078240900
920005674700084000050090000200401096090008001014020700072009000300160008009030457
603400000800907100000006234208601450000000000950240018006308040080100576520700000
400000003030010060809503072003700024500020090607408030300100005270005600900042310
070350602030600010200100005000010560610000700820536100062070801001800030008260004
500102643380700020400060000965400210100050470000900000670014005004000102010095060
940850002780032405000000009100060900079004308500200007097180006000000503850403090
703002016809600503000034000008040005270160800004050100402000050960370028000420600
103250690009060000006400830900075040060010980804000001410502760005900010090100020
012908700000700602360000090004800000031095206900200840700301080048000003100084520
090300245008090000403065090902070600705680023000000080000007500501026408049001002
508013060000800010071006980007065002610009800050100006080030059300580000105004078
103200048400009103500104000301008900020350001050020064245790800009640000000000405
143582069050000080000004003438000190090000006000493008000705930006000054915340000
309001208007090010400602009020930000034020901800000430900070100600180723170003000
005600014030502007910300006290805100073900600000030409042003060050020700080090540
005600820100030700360089010006075040800060037001040060500090000980400600600028359
000601004001040030634020900079410008000700003063002705400006359820000000300174006
000080240416205030200004100000800000604970523090500007000002601065310070120060050
092438700305090002000000301007000004601070039003046020014050600000800205068710900
945130000800700504000050800302001400000083920190020030036090040400500070070046209
000046370365000400000035008520000007030079040070350092003400060200500903701680004
013008000020506109040100080790351400400007320300000500070003046039004070060085003
067030420003004600000760008601500030900081200020006051000847100009000502318900006
080520000039100800100030705003047201205060970900005000008012603010090520490600000
190372000506400930000000800800006410004703006610009070069030040000120600401060702
075006010000407800280009670028305107000010002701600030060504020009200050052001400
060300700090600080078420609045000000027048150000507090480130070009800340006700008
804010007000200084052408090310004829040503000006090005020000048003082900080106002
320904000940700006000200094079006520500807940400500000700309000831042759000000060
608040030007230408003008009400060010106090700030014500509700000300480925004003001
560010400002000591400539000086200700003000040040783006050408007094007008070300014
040000390602905040070604005720000000410007203000142607057080400300409500004000870
013640000040000350700390010900050067300906820860070000100520700007001006402700031
700031000036085070100000523900020710240008000008790240000009600802006039601302000
000090381090028600408500000050070062603010079007940000002700010860030040070680920
300260700040001890050900002600000089930084070400607100800016027700020300062070010
249870305100020000000030048365007000000503907090200001054600870600080009001350020
002004000006500802405870063704003600060401090000008054003097018009045030107000900
504000003020374005070100940400000608900530017061240000007003200096450070000001850
003000001006527403207080900000859000008000019359001040030005006025060070070092350
098430005070060320500007600052090187060005000009820000200078009900010050086050201
300700009098001400004050310005007143002580700940100000009002600400005081780410030
840600000500009100200480960400530090700100002025008401082006000100000680900813204
730601040902000170000740500306950000014002703000100650200405000003080405058006200
005700980001358702780000000837020100100460008000100590000890074406001000008070603
009740805070820100406000020060000091150030000004162003000017000901003750038005604
402908006003007098080300005316005800000070003700030019100040070007510304204003900
705008000003794502008000106000001008031600945094005000400800600009016007106300409
070003900400080005900150480010020300240300067080015090894502071600000020000076800
070043200400090013051002000030020007205460308007300100060200800700809001089006405
000000080570813420092070030037001900900030004000045203054280360080100000060007801
000000060069501004074690300502060710030970820007200000750080090600100007008706032
720865490010200000050000038060480053005020004400001080506002007090040605080510009
020090370950402100700008020006900045000030000285004037030750010100003000570020893
504780306000000000023140907000070658807320000046800200080200000072060804000018790
000309000048000325302005600200000780081704003700230060065000470020857130007002000
000900000500000930942136005030007416091002050800560000350008200400700000700059183
060003104300040002540108700000060200071580000028300501096710080104000007000025016
089005061000710890200009000000000040052040910490132080043001079007050000100073504
150020300800700050020506091900370060678002900000009807300067040005000003407200019
093605870004090005006700300000503607008900000702006908300407000800200403065001702
005001460009003070010074003000050900528009040600308021854706030000905710070000600
305200860060308250070090000000004020008060705054920008400009082600700100580410006
590047080000089700076000409000001205410030607903720000020800000040900563009104800
100705040002008059540009008083051002400007080009002403060000804000504000204086507
974001005060000017000475080035010004000750830047002006050008000406900050010530048
090002080476000000000310794900003608065080000080260940530000009802040300000537021
080073926029080000400600001000806030310000060060530018000098005090000000875260193
102750040080004300060300870253400700900070023000520001300007650004000000005689104
009003516031709000080100900008054000750210049003000100000030051010540008345070600
000800901702091300109004500006402079050000430007068000600903180800000003490107600
060045207200700000041030085006103498030080000190600300050000104800407020604051000
009000306800034000063910082006008079402300610010500000200700903070803520091002000
300710086506009000080004250008000720620870000700403801207000410000047390100302000
204006310010030000050401609580160007300200090400500001037050960040002000005610403
305000200020503600090004105780002900000960023930010040068050300203009460000036008
002509000760010439080007500004600000870200600020080317003100075090706003150900006
800030020053004798200067000084652000060003042002000509010080204709001000008200901
030061700000420100612000405000300960206010047970206000009070000048603010060800504
080260030059008720300040500000050000520003089810490007000370005900004001135080470
006030201010806940302004000073005020000200409200013600000509304034001060105300800
070020405390847000400000380000900060153060840800031050506000020020609000004015078
204796008000080042508000006040013070016000400000470061000007950107504000403900027
500010070632007001000024609470005006250061080000008240904052760000009104001600000
003000401068401700900070006007065090000200560695700003156830902000050308800004000
000001923190807000042003070020000765008560000015704002000080207030005400081240009
006050000400090850015046903054630790302000018000009000209060001100028309060003040
000528910021060800608000400000075000700300280386100504500004020800250300032080040
090307008050009610407100009300590071020700400104002000940200003000400902032068004
460000000020903006090605704005006013001070902082031000004010000019760500800050231
500004260706502301800090000070805000630000800005960703068400000050000002090723685
045263890300008400001000003003690050400500070009002104800040012206807300004006500
069000000001780400004013250010064070075000040400108905007401002003000004540320097
900001000432509010000800290001096020023050009040008051704060080005710906006002007
087103920900000050030700600390010000000530810810060075003200108100405007709080006
071605034205087000000000052418072509000000020003809400309004007007008200040750010
000008000701036205850002790000700061017600000560003804970350042006820007020000008
410908203800020090900700800080007009040009002300041087530000010060134005002800406
000009000380057006290010734000104508604090070803700400030000000900002140002683907
001800069000609050693400800000010270020060080038502600456090708000700000300105046
005000401100504003640320005000040280071900006208630100030209658806450000000000040
900080000302504861000300070000930004740010905260400007000060000830009010120840793
690070030000809007107300095700030004800190300360000570070900006000016020236050710
005040300007100500014072096050000400076210000001095078560300109002050000100069750
200900007478001300000087501600008270834010600000039100300006002000004830082075060
002803070090070520015009006300200060056000182400698000000001040000002095538960200
300570080906040010040001002000720009490000027730905040069000008070609035080410006
600290078215080603000300000908030500073820960000700030050048700400060081002003009
900020500000050731538701000090010360007002940043607000004003209019070000002960003
019300408500004000080120760601590003000006500950040607820400056000670030130000800
900008234400230900320000000264073100000002465080060000000820009092300500610900380
000801070037000010020403509904002700008750020200008105160087250700260000002000067
005060702130402059020003000500007400094000183060801000650070390003018060070006004
400000810028071400005804070201035060070020000060100093000006000046000037089513604
090120005200005630508300002000062108602401500701000000300010059000089020829700060
081093000020000300300080971032050060040806000007020135203019000690000503000068290
708500120005841000030000950670300005000000807200457009000600400092700001046013702
050004200040502007720300150090000071083197500007200300210703008005040010800900030
000005204097210800054008070005000000800900417410730080580407301000100000061500908
040000107700540600805701030008060000030070005407105026009402000006007003104800279
805070090000001270407930060050007480070005030600028050500000640036049008004510009
107000600205071408000050020300080009000090060759403082018030057000520900590007040
004090060500000108309180700016000042020008073008426000001700006640309080003001057
800004300030100007065390140003002710600571400120000900010006520046209003002000090
700000060062108050004096100400300005006807401507600090820060903109240000000005710
004080001090030524360501000206350009048020037000060002400010703105078006000400200
405000306200060700700490002009054871050300009840001000980007210100200500002036008
000270190604010500091006200010005300003040050800097610078609430540020001000001060
080000900549800006000659082020000810008024003407103009705010040030005200010700690
092048600000012043340000500800420700027830054004000800000007309200060075035904000
900030100610408057050007008100060700009001006206070801700104902021089005090000010
000270360086003004930400005063000002040360079005120040000000201008601030309702400
001876003003000000078009654009003700710000405300741800034000020050460000100085907
698021003000670008400000102009280050037500200500000039004800910080150000051006087
000005060380009500065030709650020007023107604000090020006040900930610002008002310
065210008001904632009000000040001026358020010000590003890005001000080300020709480
496512873002000000000900600004601200201048300900000048640000002300004700100263400
800605900010038000520000610791326004000000107400090006040072800000180400187000209
010060400907020603040730010800070100001002080702081905020840000000000034394057800
000060080406500070507023106204100350000002041068004000820010030001230065003008010
709060401000187000106000780004800910502600007010503600040030170060050000900014306
005080920060500001910302040200008000001703092740050108004015076000000500157406000
600027089400068000708000054207806003004000700050074806000083060381000970500009030
600930205030200900095006030540020098086050002000008070970001800104002003000067140
080201300006003792020500000060708200003020680078300100840007031007080006090430008
007000200302570046001304800803002460090610700100000008030000079400097010709035004
070908400040000802208035100000062070396007200020100603054200700030004901000706004
086040300000700201270031008903054000805020913000080500028090037507000096000403000
500000708340790000010058903982006134050400000000902000600030201830100060070045009
009405070307000049040037500006203007020100000038040091603052800001000003200390760
500000400340105298020080000405706020100008003090200510903040060018003050000501082
700065308600000005095004070009670542284000700000092000850749601017000820000001000
500089006078040000006007584803070400052890010000050023000030009007410008130060052
005120604006003005043008900024807001008240703100000200051002000002095106009004050
054760010900000006006590032003940700040007093809300004030000081090280300082070040
080000030006840507401075800207009000008013009600700450879260300000000160002504070
600900070800300960009086050007100520140250009060009007706890000004600302001004790
500960000680000910009005630204080009860000002000472803006000400910306520007021090
010690002500200300607030090900302057705400200200007400468020970000040500300019004
184025009000004028020900700000071600047006205306090000000080006631009007800640130
005020631080050000071903800508062917000300008020800000307501406002670309800000000
700020080090070621801406000000600050300007006679042108000890502056004010908005000
400073016000000000906208470097800100065029087000100009640900030580042600000300045
000063007005100406069050002600002904900500600084609200000080060016900000803406729
160425900000000620700300040040900500801072003009004706080100200006009054910507060
009500042450006700080910050090000007010480030075301604008140009001200503020700010
041000206309150000000402910460000082008027000002380650200800007006070040070503029
200083050908040623003090000072800010100076230000010004000030097490028005037009040
008010059000400002054607001810004070306175298000000000005063120080020040160009080
090760801000090002782100000024035007610000024000201008037010000060900013040380970
027000003901380602000049100502006014700400000010803720080070000209030007100002438
009000700100063090802790430010009200000005809096087010060004100401376005070000640
000000605043105098075086000006000500050074060307059420260001007010803052008000100
006103080709200050800004901090601708067800020000007030001000300004005092903478006
093040701070901008500060040000070100100080034380054002009000060002006015061528090
906030000005001084008050290002000035087003400009814700703000008850097002000380940
670014080030002006050060240804200000100003800020076904040087001010005008083020460
106094200490000310000508000009020500002056090508900106023007900901200700000109630
025409106006000800000026003500002908060018450098040000402300065050070009030605010
020000030040309050630705240405030002007600005060507480070100904080073006150900000
000790010726500480001006000800030261009104050013080000008009500400050306605207008
000080000031904207940200015510060030002170049006008050023809006000007300008010920
100030907700010004490082300250040008040020100800003209500008600603204090020100450
010006000070002930380590067004029800700000200290058003047000310063907004000103090
001050406607210000200060097060300002074020800020901670010500208050042009802000040
408003092003002004007190003600000980705060000900425306009006100076040020000910460
005037140043001200800009005030926010007000402210005600100093000074002356000500070
813200060020600041000073800068502713000010000004030090030090000081020030040360128
008000350403785100005020070702006081600000020800970600340850200009000038007140006
070803259004910000029000004003400500090670008045008027000500030002007480438060005
000084109004090000239050084000000006726809500040006702350000017900023400001905200
860300704005100302070900000080601029600000000530204067304020971008070000006510003
310905604004002903900400000205060007680507301000090000070620409000370080193000002
400051020508060000006090750040005600032480009600100230190530062860010400000600003
580010000320004107000906850600081035143600008000030010200060400800300500900507302
060908002200050600370100094000090000950800026081040970097506840503089060000000700
530401000090000437700093050100025746002067008006000000000936100010000502647500080
100437080049200610007000050708005140500701008400009500830000004070090301020103005
000075002600200300180400970004003000008700406506840230200900503009004001041607800
000009080090040706480307500040006005060010240230480900900500003108004600600890470
570008004000010500019305280003021065201600403800000000000850009085706140940000600
700060340100009000038570029000000008826015930003607500094056070007030254000020000
050000201040072000002018704007043020090706108023000400035067810200050040009300002
060024008502600001900000250037941065000000003608070900006000029094056007100709080
504800970010470000200003180090201700800600000026080031700900000083000490100328057
700409800300078690905000001058000230009304060040025900090700080000801000827003409
067010030290400005000706094705031009820000060000008047500800000980002003002054918
007000600506471320020600040900003256000710030403020000000900100009064002615200074
009006700000498230182000060508000002004563008007800150890307000001600893000900020
000206093569000012070890000130009408047008020000140030000010300813460900090003001
8157060032000001700004100024006003000908400005030